  -1.0422e+04   4.1889e+04  -6.6224e+04  -7.3870e+04
   3.0250e+04   9.8524e+04   4.9033e+04  -8.9729e+04

  -6.6100e+04   8.6439e+04  -4.5731e+03   2.5501e+04
  -8.1554e+04   6.2898e+03  -9.4182e+04   3.0689e+04
   2.6760e+04   9.0708e+04   9.3315e+04  -7.2761e+04
  -9.7181e+04  -6.7441e+04  -3.7395e+04   3.8911e+04
  -5.9257e+03   9.4091e+04  -8.4712e+04   3.1358e+03
   1.9401e+04   7.7265e+04   8.5165e+03   5.8283e+04
  -7.7194e+04  -5.1955e+04  -2.6923e+04   6.1697e+04
  -8.5941e+04  -1.1492e+04   5.8737e+04   1.7020e+04
  -3.9992e+04   3.1910e+04   3.7342e+02  -6.3333e+04
  -4.1045e+04   6.2709e+04  -8.4616e+04  -4.4674e+04
  -8.4658e+04   9.0074e+04  -7.6067e+04  -6.9267e+04
  -2.9105e+04   3.8857e+04   7.7320e+04   6.5375e+04
  -7.3598e+04  -5.8639e+04   9.4058e+04  -3.9809e+04
  -6.8364e+04   1.0952e+04   8.8505e+04  -2.3223e+04
  -8.7571e+04   7.5856e+04   2.7626e+04   3.0150e+04
   1.1572e+04   4.0369e+04   6.3474e+04  -8.1882e+04
  -8.2704e+04   5.0467e+04  -8.5058e+04   5.3253e+04
   2.3357e+04   7.8980e+04  -6.3510e+04  -2.5165e+04
  -6.5246e+04   6.8369e+04  -9.3662e+04  -6.2028e+04
  -7.3829e+04   3.0280e+04   2.9300e+04   4.4987e+04
  -6.2169e+04  -2.6072e+02  -9.9279e+04  -7.1168e+04
  -6.9272e+04  -4.3098e+04  -4.3422e+04   2.7185e+04
  -9.4220e+04   6.6112e+04   2.7720e+04   5.7970e+04
  -9.8183e+04   6.3672e+04   1.8415e+04   1.3251e+04
   1.9290e+04   8.7634e+04  -3.4942e+04  -2.4517e+04
  -9.9935e+04   2.1810e+04   6.4317e+04   9.7790e+04
   2.8078e+04   8.3785e+04  -3.9024e+04  -7.5353e+04
  -9.8529e+04   4.6715e+04  -3.6125e+04   4.7175e+04
  -7.8716e+04  -3.9771e+04   5.6996e+04  -6.8677e+04
  -7.8641e+04  -8.8510e+02   7.4729e+02  -1.3071e+04
  -4.8367e+04  -2.6578e+04   6.6449e+04  -4.7801e+04
  -5.2078e+04   4.6571e+04   4.6495e+04  -2.8018e+04
  -7.6648e+04  -3.0772e+04  -8.4752e+04  -6.7410e+04
  -5.0076e+04   4.9208e+04   8.4215e+04   1.1385e+04
  -2.2587e+04   6.1958e+04  -5.5555e+04  -4.5214e+04
  -1.5792e+04   4.9047e+04  -8.3278e+04  -7.3589e+04
  -3.2571e+04   2.8015e+04   3.9931e+04  -8.5260e+04
   1.6865e+04   5.7511e+04  -2.8190e+03   5.3910e+04
  -4.6001e+04  -6.2096e+03   6.3535e+04  -6.3457e+04
  -8.2547e+04   6.8796e+04  -7.9757e+04   4.8085e+04
   4.8094e+04   6.5743e+04   5.1650e+04  -5.9683e+04
   3.7189e+04   6.5220e+04  -7.3051e+04   9.2239e+04
  -6.3562e+04  -4.6535e+04  -6.7150e+03  -3.5242e+04
  -8.6913e+04   9.3897e+04   5.7399e+04   9.0109e+04
  -6.3245e+04   2.2070e+04   6.4261e+03  -1.5486e+04
  -4.0012e+04   4.0311e+04  -5.0463e+04   8.8746e+04
  -7.7676e+04  -1.7763e+04  -9.9737e+04  -1.2545e+04
  -8.0835e+04  -5.2702e+04   9.6254e+04   3.3818e+04
  -6.0989e+04   1.9567e+04   9.5391e+03   1.4039e+04
   4.1076e+04   6.2447e+04   2.1811e+04  -3.0706e+04
  -6.3890e+04   6.2916e+04   7.2627e+04   1.1501e+04
  -8.2113e+04   4.4666e+03  -4.0043e+04  -2.3861e+04
  -4.0766e+04   4.6256e+04   4.9791e+04  -6.8185e+04
  -7.4436e+03   8.0771e+04  -6.8661e+04   3.3051e+04
  -9.5536e+03   8.5046e+04   3.6841e+04  -8.8375e+04
  -8.5862e+04  -5.6822e+04   5.8482e+04  -3.2059e+04
  -9.9798e+04  -5.1744e+04   6.3435e+04  -3.0275e+04
   4.6373e+04   8.1321e+04  -4.9985e+04  -2.4490e+04
  -9.1902e+04   3.6008e+04  -3.0999e+04   9.4521e+04
  -1.5095e+04   2.9904e+03  -3.4273e+04   2.1064e+04
   4.4138e+03   8.0430e+03  -3.2353e+04   8.5497e+04
  -7.9416e+04   9.0766e+04   8.5597e+04   5.1214e+04
  -5.8219e+04   9.9376e+04  -4.2352e+04   7.9685e+04
  -7.6734e+04  -2.8206e+04   2.1236e+04   7.0141e+04
   2.5049e+04   2.9244e+04  -4.8642e+04   5.3206e+04
  -7.8318e+04  -2.1327e+04   6.9230e+04  -4.2901e+04
  -9.8468e+04   9.6699e+04   5.5989e+04   8.0396e+04
  -5.0331e+04   9.0570e+03   1.9141e+04   4.0279e+04
   1.8221e+03   2.1271e+04  -1.4976e+03  -8.6293e+04
  -5.0644e+04   6.3339e+04   9.3534e+04  -5.6391e+04
  -9.0921e+04   6.6011e+04  -4.7677e+03   7.3882e+04
  -2.1921e+03   6.8346e+04  -1.7156e+04   9.8981e+04
  -9.0350e+04   5.2146e+04  -1.8843e+03   3.2242e+04
  -3.6736e+04   8.3022e+04   6.9068e+02   5.6697e+04
   5.6684e+04   8.0195e+04   5.3755e+04  -5.0423e+04
  -5.7152e+04   9.4480e+04   1.0885e+04  -2.2383e+04
   9.4122e+03   1.7293e+04  -5.4083e+04  -9.3481e+03
   5.5609e+04   5.6942e+04  -7.3429e+04  -9.8617e+04
  -6.1112e+04   4.5539e+04   5.3328e+04   5.1701e+04
   3.0197e+04   4.9378e+04   1.3047e+04  -9.5633e+04
  -4.8884e+03   3.2923e+04  -2.1379e+04   2.9727e+04
   1.6652e+04   8.7756e+04  -4.9492e+04   5.9612e+04
  -4.7890e+04   7.0163e+03  -5.9157e+04  -5.5910e+04
  -8.3036e+04  -2.0312e+04   3.2456e+04   7.1578e+04
  -4.0373e+04   3.4092e+04   8.2948e+04   8.0946e+04
  -1.1893e+04   8.3426e+04  -4.1596e+04  -9.8619e+04
  -7.3425e+04  -5.8964e+03   4.5174e+04   4.9285e+04
  -4.6106e+04  -1.2159e+04   5.9934e+04  -3.2111e+04
   9.5285e+03   5.2594e+04  -4.5464e+04   8.1560e+04
  -2.0973e+04   5.4434e+04  -6.5945e+04   9.4915e+04
  -9.5740e+04  -2.0346e+04  -7.6027e+04   3.2804e+04
   5.0270e+04   7.5997e+04   7.1703e+03   3.7940e+03
   4.4701e+03   5.9634e+04   6.5822e+04   6.4395e+04
  -3.5167e+04  -1.9134e+03   2.7405e+04  -4.6528e+04
  -8.2264e+04   3.3809e+04  -6.4769e+04   9.0782e+04
  -4.9830e+04  -4.0741e+04  -1.3763e+04   8.9385e+04
  -1.0488e+04   8.5990e+04  -4.8690e+03   9.3321e+04
  -4.3608e+04   2.7592e+04  -8.6531e+04   5.7044e+04
